2 201
102 301
202 401
302 501
402 601
502 701
602 801
702 901
802 1001
902 1101
1002 1201
1102 1301
1202 1401
1302 1501
1402 1601
1502 1701
1602 1801
1702 1901
1802 2001
1902 2101
2002 2201
2102 2301
2202 2401
2302 2501
2402 2601
2502 2701
2602 2801
2702 2901
2802 3001
2902 3101
3002 3201
3102 3301
3202 3401
3302 3501
3402 3601
3502 3701
3602 3801
3702 3901
3802 4001
3902 4101
4002 4201
4102 4301
4202 4401
4302 4501
4402 4601
4502 4701
4602 4801
4702 4901
4802 5001
4902 5101
5002 5201
5102 5301
5202 5401
5302 5501
5402 5601
5502 5701
5602 5801
5702 5901
5802 6001
5902 6101
6002 6201
6102 6301
6202 6401
6302 6501
6402 6601
6502 6701
6602 6801
6702 6901
6802 7001
6902 7101
7002 7201
7102 7301
7202 7401
7302 7501
7402 7601
7502 7701
7602 7801
7702 7901
7802 8001
7902 8101
8002 8201
8102 8301
8202 8401
8302 8501
8402 8601
8502 8701
8602 8801
8702 8901
8802 9001
8902 9101
9002 9201
9102 9301
9202 9401
9302 9501
9402 9601
9502 9701
9602 9801
9702 9901
9802 10001
9902 10101
10002 10201
10102 10301
10202 10401
10302 10501
10402 10601
10502 10701
10602 10801
10702 10901
10802 11001
10902 11101
11002 11201
11102 11301
11202 11401
11302 11501
11402 11601
11502 11701
11602 11801
11702 11901
11802 12001
11902 12101
12002 12201
12102 12301
12202 12401
12302 12501
12402 12601
12502 12701
12602 12801
12702 12901
12802 13001
12902 13101
13002 13201
13102 13301
13202 13401
13302 13501
13402 13601
13502 13701
13602 13801
13702 13901
13802 14001
13902 14101
14002 14201
14102 14301
14202 14401
14302 14501
14402 14601
14502 14701
14602 14801
14702 14901
14802 15001
14902 15101
15002 15201
15102 15301
15202 15401
15302 15501
15402 15601
15502 15701
15602 15801
15702 15901
15802 16001
15902 16101
16002 16201
16102 16301
16202 16401
16302 16501
16402 16601
16502 16701
16602 16801
16702 16901
16802 17001
16902 17101
17002 17201
17102 17301
17202 17401
17302 17501
17402 17601
17502 17701
17602 17801
17702 17901
17802 18001
17902 18101
18002 18201
18102 18301
18202 18401
18302 18501
18402 18601
18502 18701
18602 18801
18702 18901
18802 19001
18902 19101
19002 19201
19102 19301
19202 19401
19302 19501
19402 19601
19502 19701
19602 19801
19702 19901
19802 20001
19902 20101
20002 20201
20102 20301
20202 20401
20302 20501
20402 20601
20502 20701
20602 20801
20702 20901
20802 21001
20902 21101
21002 21201
21102 21301
21202 21401
21302 21501
21402 21601
21502 21701
21602 21801
21702 21901
21802 22001
21902 22101
22002 22201
22102 22301
22202 22401
22302 22501
22402 22601
22502 22701
22602 22801
22702 22901
22802 23001
22902 23101
23002 23201
23102 23301
23202 23401
23302 23501
23402 23601
23502 23701
23602 23801
23702 23901
23802 24001
23902 24101
24002 24201
24102 24301
24202 24401
24302 24501
24402 24601
24502 24701
24602 24801
24702 24901
24802 25001
24902 25101
25002 25201
25102 25301
25202 25401
25302 25501
25402 25601
25502 25701
25602 25801
25702 25901
25802 26001
25902 26101
26002 26201
26102 26301
26202 26401
26302 26501
26402 26601
26502 26701
26602 26801
26702 26901
26802 27001
26902 27101
27002 27201
27102 27301
27202 27401
27302 27501
27402 27601
27502 27701
27602 27801
27702 27901
27802 28001
27902 28101
28002 28201
28102 28301
28202 28401
28302 28501
28402 28601
28502 28701
28602 28801
28702 28901
28802 29001
28902 29101
29002 29201
29102 29301
29202 29401
29302 29501
29402 29601
29502 29701
29602 29801
29702 29901
29802 30001
29902 30101
30002 30201
30102 30301
30202 30401
30302 30501
30402 30601
30502 30701
30602 30801
30702 30901
30802 31001
30902 31101
31002 31201
31102 31301
31202 31401
31302 31501
31402 31601
31502 31701
31602 31801
31702 31901
31802 32001
31902 32101
32002 32201
32102 32301
32202 32401
32302 32501
32402 32601
32502 32701
32602 32801
32702 32901
32802 33001
32902 33101
33002 33201
33102 33301
33202 33401
33302 33501
33402 33601
33502 33701
33602 33801
33702 33901
33802 34001
33902 34101
34002 34201
34102 34301
34202 34401
34302 34501
34402 34601
34502 34701
34602 34801
34702 34901
34802 35001
34902 35101
35002 35201
35102 35301
35202 35401
35302 35501
35402 35601
35502 35701
35602 35801
35702 35901
35802 36001
35902 36101
36002 36201
36102 36301
36202 36401
36302 36501
36402 36601
36502 36701
36602 36801
36702 36901
36802 37001
36902 37101
37002 37201
37102 37301
37202 37401
37302 37501
37402 37601
37502 37701
37602 37801
37702 37901
37802 38001
37902 38101
38002 38201
38102 38301
38202 38401
38302 38501
38402 38601
38502 38701
38602 38801
38702 38901
38802 39001
38902 39101
39002 39201
39102 39301
39202 39401
39302 39501
39402 39601
39502 39701
39602 39801
39702 39901
39802 40001
39902 40101
40002 40201
40102 40301
40202 40401
40302 40501
40402 40601
40502 40701
40602 40801
40702 40901
40802 41001
40902 41101
41002 41201
41102 41301
41202 41401
41302 41501
41402 41601
41502 41701
41602 41801
41702 41901
41802 42001
41902 42101
42002 42201
42102 42301
42202 42401
42302 42501
42402 42601
42502 42701
42602 42801
42702 42901
42802 43001
42902 43101
43002 43201
43102 43301
43202 43401
43302 43501
43402 43601
43502 43701
43602 43801
43702 43901
43802 44001
43902 44101
44002 44201
44102 44301
44202 44401
44302 44501
44402 44601
44502 44701
44602 44801
44702 44901
44802 45001
44902 45101
45002 45201
45102 45301
45202 45401
45302 45501
45402 45601
45502 45701
45602 45801
45702 45901
45802 46001
45902 46101
46002 46201
46102 46301
46202 46401
46302 46501
46402 46601
46502 46701
46602 46801
46702 46901
46802 47001
46902 47101
47002 47201
47102 47301
47202 47401
47302 47501
47402 47601
47502 47701
47602 47801
47702 47901
47802 48001
47902 48101
48002 48201
48102 48301
48202 48401
48302 48501
48402 48601
48502 48701
48602 48801
48702 48901
48802 49001
48902 49101
49002 49201
49102 49301
49202 49401
49302 49501
49402 49601
49502 49701
49602 49801
49702 49901
49802 50001
49902 50101
50002 50201
50102 50301
50202 50401
50302 50501
50402 50601
50502 50701
50602 50801
50702 50901
50802 51001
50902 51101
51002 51201
51102 51301
51202 51401
51302 51501
51402 51601
51502 51701
51602 51801
51702 51901
51802 52001
51902 52101
52002 52201
52102 52301
52202 52401
52302 52501
52402 52601
52502 52701
52602 52801
52702 52901
52802 53001
52902 53101
53002 53201
53102 53301
53202 53401
53302 53501
53402 53601
53502 53701
53602 53801
53702 53901
53802 54001
53902 54101
54002 54201
54102 54301
54202 54401
54302 54501
54402 54601
54502 54701
54602 54801
54702 54901
54802 55001
54902 55101
55002 55201
55102 55301
55202 55401
55302 55501
55402 55601
55502 55701
55602 55801
55702 55901
55802 56001
55902 56101
56002 56201
56102 56301
56202 56401
56302 56501
56402 56601
56502 56701
56602 56801
56702 56901
56802 57001
56902 57101
57002 57201
57102 57301
57202 57401
57302 57501
57402 57601
57502 57701
57602 57801
57702 57901
57802 58001
57902 58101
58002 58201
58102 58301
58202 58401
58302 58501
58402 58601
58502 58701
58602 58801
58702 58901
58802 59001
58902 59101
59002 59201
59102 59301
59202 59401
59302 59501
59402 59601
59502 59701
59602 59801
59702 59901
59802 60001
59902 60101
60002 60201
60102 60301
60202 60401
60302 60501
60402 60601
60502 60701
60602 60801
60702 60901
60802 61001
60902 61101
61002 61201
61102 61301
61202 61401
61302 61501
61402 61601
61502 61701
61602 61801
61702 61901
61802 62001
61902 62101
62002 62201
62102 62301
62202 62401
62302 62501
62402 62601
62502 62701
62602 62801
62702 62901
62802 63001
62902 63101
63002 63201
63102 63301
63202 63401
63302 63501
63402 63601
63502 63701
63602 63801
63702 63901
63802 64001
63902 64101
64002 64201
64102 64301
64202 64401
64302 64501
64402 64601
64502 64701
64602 64801
64702 64901
64802 65001
64902 65101
65002 65201
65102 65301
65202 65401
65302 65501
65402 65601
65502 65701
65602 65801
65702 65901
65802 66001
65902 66101
66002 66201
66102 66301
66202 66401
66302 66501
66402 66601
66502 66701
66602 66801
66702 66901
66802 67001
66902 67101
67002 67201
67102 67301
67202 67401
67302 67501
67402 67601
67502 67701
67602 67801
67702 67901
67802 68001
67902 68101
68002 68201
68102 68301
68202 68401
68302 68501
68402 68601
68502 68701
68602 68801
68702 68901
68802 69001
68902 69101
69002 69201
69102 69301
69202 69401
69302 69501
69402 69601
69502 69701
69602 69801
69702 69901
69802 70001
69902 70101
70002 70201
70102 70301
70202 70401
70302 70501
70402 70601
70502 70701
70602 70801
70702 70901
70802 71001
70902 71101
71002 71201
71102 71301
71202 71401
71302 71501
71402 71601
71502 71701
71602 71801
71702 71901
71802 72001
71902 72101
72002 72201
72102 72301
72202 72401
72302 72501
72402 72601
72502 72701
72602 72801
72702 72901
72802 73001
72902 73101
73002 73201
73102 73301
73202 73401
73302 73501
73402 73601
73502 73701
73602 73801
73702 73901
73802 74001
73902 74101
74002 74201
74102 74301
74202 74401
74302 74501
74402 74601
74502 74701
74602 74801
74702 74901
74802 75001
74902 75101
75002 75201
75102 75301
75202 75401
75302 75501
75402 75601
75502 75701
75602 75801
75702 75901
75802 76001
75902 76101
76002 76201
76102 76301
76202 76401
76302 76501
76402 76601
76502 76701
76602 76801
76702 76901
76802 77001
76902 77101
77002 77201
77102 77301
77202 77401
77302 77501
77402 77601
77502 77701
77602 77801
77702 77901
77802 78001
77902 78101
78002 78201
78102 78301
78202 78401
78302 78501
78402 78601
78502 78701
78602 78801
78702 78901
78802 79001
78902 79101
79002 79201
79102 79301
79202 79401
79302 79501
79402 79601
79502 79701
79602 79801
79702 79901
79802 80001
79902 80101
80002 80201
80102 80301
80202 80401
80302 80501
80402 80601
80502 80701
80602 80801
80702 80901
80802 81001
80902 81101
81002 81201
81102 81301
81202 81401
81302 81501
81402 81601
81502 81701
81602 81801
81702 81901
81802 82001
81902 82101
82002 82201
82102 82301
82202 82401
82302 82501
82402 82601
82502 82701
82602 82801
82702 82901
82802 83001
82902 83101
83002 83201
83102 83301
83202 83401
83302 83501
83402 83601
83502 83701
83602 83801
83702 83901
83802 84001
83902 84101
84002 84201
84102 84301
84202 84401
84302 84501
84402 84601
84502 84701
84602 84801
84702 84901
84802 85001
84902 85101
85002 85201
85102 85301
85202 85401
85302 85501
85402 85601
85502 85701
85602 85801
85702 85901
85802 86001
85902 86101
86002 86201
86102 86301
86202 86401
86302 86501
86402 86601
86502 86701
86602 86801
86702 86901
86802 87001
86902 87101
87002 87201
87102 87301
87202 87401
87302 87501
87402 87601
87502 87701
87602 87801
87702 87901
87802 88001
87902 88101
88002 88201
88102 88301
88202 88401
88302 88501
88402 88601
88502 88701
88602 88801
88702 88901
88802 89001
88902 89101
89002 89201
89102 89301
89202 89401
89302 89501
89402 89601
89502 89701
89602 89801
89702 89901
89802 90001
89902 90101
90002 90201
90102 90301
90202 90401
90302 90501
90402 90601
90502 90701
90602 90801
90702 90901
90802 91001
90902 91101
91002 91201
91102 91301
91202 91401
91302 91501
91402 91601
91502 91701
91602 91801
91702 91901
91802 92001
91902 92101
92002 92201
92102 92301
92202 92401
92302 92501
92402 92601
92502 92701
92602 92801
92702 92901
92802 93001
92902 93101
93002 93201
93102 93301
93202 93401
93302 93501
93402 93601
93502 93701
93602 93801
93702 93901
93802 94001
93902 94101
94002 94201
94102 94301
94202 94401
94302 94501
94402 94601
94502 94701
94602 94801
94702 94901
94802 95001
94902 95101
95002 95201
95102 95301
95202 95401
95302 95501
95402 95601
95502 95701
95602 95801
95702 95901
95802 96001
95902 96101
96002 96201
96102 96301
96202 96401
96302 96501
96402 96601
96502 96701
96602 96801
96702 96901
96802 97001
96902 97101
97002 97201
97102 97301
97202 97401
97302 97501
97402 97601
97502 97701
97602 97801
97702 97901
97802 98001
97902 98101
98002 98201
98102 98301
98202 98401
98302 98501
98402 98601
98502 98701
98602 98801
98702 98901
98802 99001
98902 99101
99002 99201
99102 99301
99202 99401
99302 99501
99402 99601
99502 99701
99602 99801
99702 99901
99802 100001
99902 100101
100002 100201
100102 100301
100202 100401
100302 100501
100402 100601
100502 100701
100602 100801
100702 100901
100802 101001
100902 101101
101002 101201
101102 101301
101202 101401
101302 101501
101402 101601
101502 101701
101602 101801
101702 101901
101802 102001
101902 102101
102002 102201
102102 102301
102202 102401
102302 102501
102402 102601
102502 102701
102602 102801
102702 102901
102802 103001
102902 103101
103002 103201
103102 103301
103202 103401
103302 103501
103402 103601
103502 103701
103602 103801
103702 103901
103802 104001
103902 104101
104002 104201
104102 104301
104202 104401
104302 104501
104402 104601
104502 104701
104602 104801
104702 104901
104802 105001
104902 105101
105002 105201
105102 105301
105202 105301
0 3459530168718962510
